4188
4348
4433
4532
4538
4540
4578
4613
4695
4717
4719
4756
4758
4769
4822
4880
4962
4964
4972
5001
5003
5016
5037
5087
5102
5108
5117
5153
5155
5174
5205
5210
5260
5294
5296
5312
5334
5336
5338
5359
5361
5363
5375
5377
5381
5384
5386
5388
5392
5394
5410
5412
5468
5523
5527
5548
5550
5552
5573
5596
5631
5636
5677
5699
5716
5719
5733
5776
5809
5833
5913
6110
6380
6562
6613
6706
6976
6977
6978
7889
7965
7967
8012
8039
8045
8241
8247
8270
8277
8280
8285
8310
8315
8317
8337
8430
8432
8473
8687
8760
